<?xml version="1.0"?>
<opencv_storage>
<mat_CorrectGray type_id="opencv-matrix">
  <rows>30</rows>
  <cols>106</cols>
  <dt>u</dt>
  <data>
    14 15 16 26 41 106 128 152 156 161 163 163 163 164 165 166 166 156
    156 156 156 156 156 157 159 159 160 161 169 169 169 171 171 171 170
    169 169 169 169 169 169 170 170 169 169 168 167 167 167 161 161 161
    160 160 157 157 155 155 155 158 158 158 156 156 154 154 154 158 158
    156 155 154 153 153 147 147 158 158 151 145 145 159 160 161 162 163
    163 162 162 154 154 154 154 153 152 150 148 145 110 110 54 44 34 38
    35 35 14 15 16 26 78 84 106 57 57 51 52 53 53 53 54 54 52 52 52 52
    52 52 52 52 53 87 132 150 150 117 64 53 54 58 59 59 58 57 57 57 58
    59 60 60 60 60 60 60 60 60 65 66 67 67 67 67 66 67 68 69 68 68 68 66
    66 66 68 69 69 72 75 77 78 78 78 115 147 151 145 103 83 76 76 76 77
    78 78 77 76 76 74 74 74 74 73 72 71 71 81 92 66 34 29 34 32 32 14 15
    16 36 83 83 57 51 53 51 51 52 53 53 53 52 52 52 52 52 51 51 51 52 52
    55 87 110 110 64 54 49 53 58 58 58 55 57 53 54 54 54 54 58 58 49 50
    53 53 53 56 64 64 64 60 58 58 59 65 59 66 60 60 58 51 57 51 57 58 58
    58 57 62 54 63 67 115 119 115 83 68 59 68 59 61 61 61 53 53 53 61 56
    56 56 56 56 56 51 62 81 66 27 27 28 29 28 15 21 16 36 84 84 51 50 53
    53 53 52 53 53 52 51 51 54 54 54 52 53 53 53 53 55 59 103 64 59 53
    53 58 58 55 55 53 53 49 49 49 48 48 49 48 49 49 50 53 50 55 51 53 55
    58 55 55 55 56 56 53 52 51 51 51 50 49 48 48 51 55 55 55 54 52 60 99
    103 99 51 51 52 58 54 54 59 56 53 53 53 52 51 53 53 52 51 52 51 57
    62 62 27 27 28 31 27 19 21 21 25 84 84 51 48 53 56 64 64 57 52 52 58
    57 57 54 56 56 63 62 61 61 59 108 108 103 61 59 58 57 58 55 58 55 59
    59 59 54 54 54 55 54 58 61 53 56 55 57 58 60 64 65 65 65 59 59 59 59
    55 55 52 52 52 51 57 58 57 57 57 60 60 60 60 64 81 76 70 68 59 59 59
    59 60 59 60 58 58 58 57 56 56 55 55 55 51 57 62 62 27 27 31 31 28 19
    21 21 25 84 84 58 46 58 59 73 64 53 52 57 73 59 54 51 56 63 145 153
    154 154 143 130 130 130 68 59 57 54 57 54 55 55 67 70 77 58 55 48 55
    54 111 99 66 61 55 58 58 58 93 132 132 124 98 59 59 56 56 55 52 58
    72 120 136 136 99 56 56 59 60 60 60 51 70 92 116 116 115 80 65 59 60
    59 60 59 65 65 93 127 127 87 58 55 54 54 62 62 29 29 34 34 31 17 19
    18 25 81 81 58 46 58 109 109 68 53 65 107 129 79 59 50 56 145 149
    154 154 154 143 130 130 130 107 64 57 54 57 57 56 58 67 152 152 74
    56 54 63 111 158 147 77 57 54 58 58 124 135 145 145 148 148 112 64
    56 56 57 57 72 147 147 142 142 136 101 56 57 60 60 56 53 92 142 146
    146 163 162 80 62 61 61 60 60 66 130 136 142 142 142 121 57 54 54 62
    62 29 29 35 35 31 17 18 18 24 79 79 54 49 62 122 122 68 65 89 146
    153 129 73 50 51 149 149 181 110 99 110 108 108 107 68 59 59 59 57
    57 57 62 63 177 177 63 61 56 67 158 172 105 66 53 54 61 124 185 185
    132 132 148 189 166 112 60 56 60 64 147 161 161 128 128 186 165 101
    57 57 57 62 92 151 172 142 142 163 163 162 69 61 61 59 62 130 175
    175 142 142 189 181 121 57 57 62 62 29 29 35 35 31 17 18 19 24 73 73
    54 52 63 122 160 146 80 108 146 153 129 79 48 57 147 147 100 93 53
    54 54 54 58 58 58 59 56 55 53 56 61 62 177 177 62 58 61 122 170 158
    67 53 49 59 80 134 181 132 68 58 71 148 178 166 60 54 60 101 155 161
    100 57 57 128 165 160 71 57 56 70 151 181 142 71 71 97 163 162 105
    62 55 59 80 138 175 136 63 63 142 181 159 58 58 62 62 30 30 31 31 30
    17 18 19 24 69 69 55 55 121 171 171 160 118 108 118 190 119 61 57 58
    147 147 100 52 51 53 54 54 55 57 57 58 56 57 57 58 62 63 177 177 61
    58 77 155 170 97 60 56 49 58 71 98 84 58 56 56 68 71 178 178 60 54
    60 145 168 100 64 56 56 57 164 164 71 62 60 71 161 161 64 60 56 71
    97 157 139 57 54 59 114 138 138 70 62 62 63 159 159 90 61 61 61 31
    28 28 28 28 17 17 19 24 68 68 55 52 121 171 171 160 65 94 99 104 79
    61 57 63 145 145 103 53 51 54 55 55 55 58 56 57 56 57 58 55 61 63
    175 175 60 60 111 170 155 64 56 56 56 53 57 71 63 56 56 56 69 71 178
    178 57 55 60 156 156 96 64 57 56 57 164 164 78 69 69 73 166 166 62
    60 56 71 84 139 139 70 55 70 123 133 118 68 62 62 63 150 150 101 61
    61 61 33 31 28 28 27 17 18 19 23 59 59 53 52 55 161 162 145 64 94
    149 178 113 63 58 63 145 145 103 57 50 57 55 55 55 55 56 57 57 58 59
    58 63 66 175 175 64 64 178 178 106 58 56 54 56 52 56 53 61 59 59 61
    69 101 165 165 55 54 57 156 168 96 73 59 55 59 172 172 71 60 60 73
    166 166 64 56 56 66 84 157 136 70 55 70 123 133 118 68 58 63 69 150
    150 101 64 64 64 33 31 28 28 27 18 19 19 24 59 59 53 51 53 161 161
    86 65 99 141 141 119 79 55 55 139 139 112 95 57 58 58 58 59 55 56 56
    56 57 59 55 59 66 175 175 125 125 180 180 106 51 51 53 54 52 53 52
    61 61 61 61 72 161 165 112 57 55 57 122 168 168 96 73 80 135 174 172
    63 63 63 69 166 178 134 84 66 84 158 158 117 62 53 62 104 154 154
    114 68 69 113 175 150 68 64 64 64 32 31 30 30 27 18 19 19 28 61 61
    53 53 67 165 167 157 106 106 119 137 113 61 53 55 139 148 187 121
    106 111 101 101 64 54 56 56 60 65 59 57 59 66 176 176 170 170 183
    180 136 57 52 53 53 52 53 53 59 59 63 69 125 167 161 58 55 55 55 65
    168 169 169 135 135 180 172 112 63 63 61 61 118 178 182 134 134 158
    172 158 73 59 58 59 68 154 156 154 114 114 175 175 119 51 51 66 66
    30 30 30 30 27 18 19 18 28 61 61 52 52 104 174 174 167 114 86 106
    108 87 61 55 57 133 160 187 149 149 149 154 142 101 57 56 57 65 90
    90 62 62 73 173 176 171 170 175 175 173 58 53 53 53 53 53 53 59 63
    64 77 161 167 87 57 55 54 54 65 162 173 189 156 187 187 180 99 63 63
    63 63 104 182 190 182 165 187 183 153 66 59 59 59 63 130 158 183 162
    175 178 175 109 51 51 66 66 30 30 30 30 27 16 18 18 24 54 54 52 52
    156 174 173 166 94 80 80 82 72 61 53 61 133 160 193 149 149 149 154
    142 69 55 55 59 65 68 70 63 62 73 173 180 173 166 166 173 173 66 58
    53 52 53 53 54 54 59 68 155 161 122 61 53 53 53 54 74 162 173 173
    151 151 191 161 99 62 62 63 63 104 162 190 165 165 183 183 153 73 59
    62 61 63 130 181 181 162 166 178 167 109 51 51 67 67 30 30 29 29 28
    16 16 22 24 54 54 60 60 156 174 166 114 72 80 99 130 82 66 56 57 138
    139 130 109 51 57 51 60 54 55 55 57 60 63 68 63 64 68 173 181 172
    136 118 147 147 93 58 52 52 53 58 54 54 66 132 161 155 66 56 53 56
    53 63 125 165 165 94 62 69 148 180 161 73 60 60 71 159 162 159 70 64
    104 174 158 114 65 57 62 94 145 158 103 66 66 149 167 149 52 52 67
    67 33 30 27 28 28 16 16 17 24 54 54 60 57 109 166 161 82 67 94 152
    177 130 72 52 56 139 139 109 57 50 52 51 52 55 55 56 56 56 54 61 57
    57 68 173 181 165 97 91 118 147 139 58 52 51 53 58 58 59 97 176 155
    84 58 56 56 56 61 64 166 166 94 67 60 60 69 161 161 107 60 60 115
    159 159 70 64 62 67 104 174 158 65 57 65 145 178 103 62 59 58 66 149
    149 114 67 67 67 36 27 25 28 28 16 16 17 22 54 56 64 56 68 120 109
    72 64 68 152 177 130 78 51 51 140 140 103 59 54 56 55 56 56 56 56 56
    55 55 55 57 65 71 187 187 145 56 56 91 167 167 58 54 53 53 53 59 59
    156 176 128 58 58 57 58 58 61 84 168 168 68 65 62 60 66 147 147 112
    60 60 124 140 123 64 62 62 64 85 166 166 65 62 67 177 177 68 59 59
    58 62 131 131 115 67 67 67 36 26 25 27 29 17 17 18 20 49 56 59 53 59
    109 109 72 64 68 132 177 102 61 51 51 140 140 103 59 54 56 54 55 56
    56 56 56 56 56 58 58 60 72 187 187 72 56 54 71 167 167 86 54 53 53
    53 62 140 176 156 59 56 58 58 59 58 61 84 180 180 68 65 65 60 66 146
    146 114 59 59 124 140 123 64 64 64 67 85 178 178 65 62 68 177 177 68
    59 59 58 64 131 131 115 77 77 77 29 25 25 26 27 13 18 19 21 49 53 59
    53 59 102 102 73 61 61 89 102 78 61 50 61 135 135 114 59 54 56 53 53
    55 55 55 56 56 56 58 58 61 71 185 185 70 60 56 71 150 150 109 54 53
    55 55 106 169 156 97 58 56 57 57 57 57 58 61 180 180 69 65 64 56 66
    146 146 114 59 59 121 147 147 66 62 62 64 87 166 166 63 57 68 177
    177 80 62 62 62 66 146 146 101 77 77 77 29 26 26 26 27 18 18 19 21
